244   0   0   0   0   0   0   0   0   0   0   0   0   0   0 247
  0   0 254 254 254 244 231 231 231 231 231 235 250 254   0   0
  0 254 255 255 255 244 230 230 230 230 230 235 250 255 255   0
  0 254 255 255 255 244 230 230 230 230 230 235 250 255 255   0
  0 254 255 255 255 244 230 230 230 230 230 235 250 255 255   0
  0 244 244 244 244   0   0 241 241   0   0 242 243 244 244   0
  0 231 230 230 230   0   0 255 255 254   0 250 235 230 230   0
  0 231 230 230 230 241 255 255 255 255 255 250 235 230 230   0
  0 231 230 230 230 241 255 255 255 255 255 250 235 230 230   0
  0 231 230 230   0 241 255 255 255 255 255   0 235 230 230   0
  0 231 230 230 230   0 255 255 255 255   0 250 235 230 230   0
  0 235 235 235 235 242   0   0   0   0 250 247 238 235 235   0
  0 250 250 250 250 243 235 235 235 235 235 238 247 250 250   0
  0 254 255 255 255 244 230 230 230 230 230 235 250 255 255   0
  0   0 255 255 255 244 230 230 230 230 230 235 250 255   0   0
247   0   0   0   0   0   0   0   0   0   0   0   0   0   0 255
244   0   0   0   0   0   0   0   0   0   0   0   0   0   0 247
  0   0 254 254 254 244 231 231 231 231 231 235 250 254   0   0
  0 254 255 255 255 244 230 230 230 230 230 235 250 255 255   0
  0 254 255 255 255 244 230 230 230 230 230 235 250 255 255   0
  0 254 255 255 255 244 230 230 230 230 230 235 250 255 255   0
  0 244 244 244 244   0   0 241 241   0   0 242 243 244 244   0
  0 231 230 230 230   0   0 255 255 254   0 250 235 230 230   0
  0 231 230 230 230 241 255 255 255 255 255 250 235 230 230   0
  0 231 230 230 230 241 255 255 255 255 255 250 235 230 230   0
  0 231 230 230   0 241 255 255 255 255 255   0 235 230 230   0
  0 231 230 230 230   0 255 255 255 255   0 250 235 230 230   0
  0 235 235 235 235 242   0   0   0   0 250 247 238 235 235   0
  0 250 250 250 250 243 235 235 235 235 235 238 247 250 250   0
  0 254 255 255 255 244 230 230 230 230 230 235 250 255 255   0
  0   0 255 255 255 244 230 230 230 230 230 235 250 255   0   0
247   0   0   0   0   0   0   0   0   0   0   0   0   0   0 255
244   0   0   0   0   0   0   0   0   0   0   0   0   0   0 247
  0   0 254 254 254 244 231 231 231 231 231 235 250 254   0   0
  0 254 255 255 255 244 230 230 230 230 230 235 250 255 255   0
  0 254 255 255 255 244 230 230 230 230 230 235 250 255 255   0
  0 254 255 255 255 244 230 230 230 230 230 235 250 255 255   0
  0 244 244 244 244   0   0 241 241   0   0 242 243 244 244   0
  0 231 230 230 230   0   0 255 255 254   0 250 235 230 230   0
  0 231 230 230 230 241 255 255 255 255 255 250 235 230 230   0
  0 231 230 230 230 241 255 255 255 255 255 250 235 230 230   0
  0 231 230 230   0 241 255 255 255 255 255   0 235 230 230   0
  0 231 230 230 230   0 255 255 255 255   0 250 235 230 230   0
  0 235 235 235 235 242   0   0   0   0 250 247 238 235 235   0
  0 250 250 250 250 243 235 235 235 235 235 238 247 250 250   0
  0 254 255 255 255 244 230 230 230 230 230 235 250 255 255   0
  0   0 255 255 255 244 230 230 230 230 230 235 250 255   0   0
247   0   0   0   0   0   0   0   0   0   0   0   0   0   0 255

247   0   0   0   0   0   0   0   0   0   0   0   0   0   0 255
  0   0 255 255 255 244 230 230 230 230 230 235 250 255   0   0
  0 254 255 255 255 244 230 230 230 230 230 235 250 255 255   0
  0 250 250 250 250 243 235 235 235 235 235 238 247 250 250   0
  0 235 235 235 235 242 250 250 250   0 250 247 238 235 235   0
  0 231 230 230 230   0   0 255 255 255   0 250 235 230 230   0
  0 231 230 230 230   0 254 255 255 255 255   0 235 230 230   0
  0 231 230 230 230 241 255 255 255 255 255   0 235 230 230   0
  0 231 230 230 230 241 255 255 255 255 255   0 235 230 230   0
  0 231 230 230 230   0   0 255 255 255 255   0 235 230 230   0
  0 244 244 244 244   0   0 241 241 241   0 242 243 244 244   0
  0 254 255 255 255 244 230 230 230   0 230 235 250 255 255   0
  0 254 255 255 255 244 230 230 230 230 230 235 250 255 255   0
  0 254 255 255 255 244 230 230 230 230 230 235 250 255 255   0
  0   0 254 254 254 244 231 231 231 231 231 235 250 254   0   0
244   0   0   0   0   0   0   0   0   0   0   0   0   0   0 247
247   0   0   0   0   0   0   0   0   0   0   0   0   0   0 255
  0   0 255 255 255 244 230 230 230 230 230 235 250 255   0   0
  0 254 255 255 255 244 230 230 230 230 230 235 250 255 255   0
  0 250 250 250 250 243 235 235 235 235 235 238 247 250 250   0
  0 235 235 235 235 242 250 250 250   0 250 247 238 235 235   0
  0 231 230 230 230   0   0 255 255 255   0 250 235 230 230   0
  0 231 230 230 230   0 254 255 255 255 255   0 235 230 230   0
  0 231 230 230 230 241 255 255 255 255 255   0 235 230 230   0
  0 231 230 230 230 241 255 255 255 255 255   0 235 230 230   0
  0 231 230 230 230   0   0 255 255 255 255   0 235 230 230   0
  0 244 244 244 244   0   0 241 241 241   0 242 243 244 244   0
  0 254 255 255 255 244 230 230 230   0 230 235 250 255 255   0
  0 254 255 255 255 244 230 230 230 230 230 235 250 255 255   0
  0 254 255 255 255 244 230 230 230 230 230 235 250 255 255   0
  0   0 254 254 254 244 231 231 231 231 231 235 250 254   0   0
244   0   0   0   0   0   0   0   0   0   0   0   0   0   0 247
247   0   0   0   0   0   0   0   0   0   0   0   0   0   0 255
  0   0 255 255 255 244 230 230 230 230 230 235 250 255   0   0
  0 254 255 255 255 244 230 230 230 230 230 235 250 255 255   0
  0 250 250 250 250 243 235 235 235 235 235 238 247 250 250   0
  0 235 235 235 235 242 250 250 250   0 250 247 238 235 235   0
  0 231 230 230 230   0   0 255 255 255   0 250 235 230 230   0
  0 231 230 230 230   0 254 255 255 255 255   0 235 230 230   0
  0 231 230 230 230 241 255 255 255 255 255   0 235 230 230   0
  0 231 230 230 230 241 255 255 255 255 255   0 235 230 230   0
  0 231 230 230 230   0   0 255 255 255 255   0 235 230 230   0
  0 244 244 244 244   0   0 241 241 241   0 242 243 244 244   0
  0 254 255 255 255 244 230 230 230   0 230 235 250 255 255   0
  0 254 255 255 255 244 230 230 230 230 230 235 250 255 255   0
  0 254 255 255 255 244 230 230 230 230 230 235 250 255 255   0
  0   0 254 254 254 244 231 231 231 231 231 235 250 254   0   0
244   0   0   0   0   0   0   0   0   0   0   0   0   0   0 247

207  60   2   0   0   0   0   0   0   0   0   0   0   2  63 211
 60  36 174 188 188 188 187 188 188 188 188 188 188 174  31  67
  2 174 241 241 242 242 241 241 241 241 242 241 242 242 169   2
  0 189 241 241 242 242 241 240 240 241 241 241 242 242 185   0
  0 189 242 242 242 196  60  31  31  61 199 242 242 242 185   0
  0 189 242 242 200  37 160 239 238 156  36 204 242 242 184   0
  0 188 241 241 101 161 241 241 241 241 151 112 241 241 184   0
  0 188 241 240 240 240 241 243 244 243 242 240 240 241 183   0
  0 188 241 240 240 240 241 244 244 243 242 240 240 241 183   0
  0 188 241 241 231  66 141 243 243 114  87 239 241 241 183   0
  0 188 242 241 214   2  87 242 242  52  16 234 241 241 184   0
  0 188 241 241 242 220 236 240 240 230 225 242 242 242 185   0
  0 189 242 242 242 242 241 240 240 241 241 242 242 242 184   0
  2 174 242 242 242 242 241 241 241 241 241 242 242 242 168   2
 63  31 169 184 184 184 184 183 183 183 183 184 184 168  26  71
211  67   2   0   0   0   0   0   0   0   0   0   0   3  71 214
207  60   2   0   0   0   0   0   0   0   0   0   0   2  63 211
 60  36 174 188 188 188 187 188 188 188 188 188 188 174  31  67
  2 174 241 241 242 242 241 241 241 241 242 241 242 242 169   2
  0 189 241 241 242 242 241 240 240 241 241 241 242 242 185   0
  0 189 242 242 242 196  60  31  31  61 199 242 242 242 185   0
  0 189 242 242 200  37 160 239 238 156  36 204 242 242 184   0
  0 188 241 241 101 161 241 241 241 241 151 112 241 241 184   0
  0 188 241 240 240 240 241 243 244 243 242 240 240 241 183   0
  0 188 241 240 240 240 241 244 244 243 242 240 240 241 183   0
  0 188 241 241 231  66 141 243 243 114  87 239 241 241 183   0
  0 188 242 241 214   2  87 242 242  52  16 234 241 241 184   0
  0 188 241 241 242 220 236 240 240 230 225 242 242 242 185   0
  0 189 242 242 242 242 241 240 240 241 241 242 242 242 184   0
  2 174 242 242 242 242 241 241 241 241 241 242 242 242 168   2
 63  31 169 184 184 184 184 183 183 183 183 184 184 168  26  71
211  67   2   0   0   0   0   0   0   0   0   0   0   3  71 214
207  60   2   0   0   0   0   0   0   0   0   0   0   2  63 211
 60  36 174 188 188 188 187 188 188 188 188 188 188 174  31  67
  2 174 241 241 242 242 241 241 241 241 242 241 242 242 169   2
  0 189 241 241 242 242 241 240 240 241 241 241 242 242 185   0
  0 189 242 242 242 196  60  31  31  61 199 242 242 242 185   0
  0 189 242 242 200  37 160 239 238 156  36 204 242 242 184   0
  0 188 241 241 101 161 241 241 241 241 151 112 241 241 184   0
  0 188 241 240 240 240 241 243 244 243 242 240 240 241 183   0
  0 188 241 240 240 240 241 244 244 243 242 240 240 241 183   0
  0 188 241 241 231  66 141 243 243 114  87 239 241 241 183   0
  0 188 242 241 214   2  87 242 242  52  16 234 241 241 184   0
  0 188 241 241 242 220 236 240 240 230 225 242 242 242 185   0
  0 189 242 242 242 242 241 240 240 241 241 242 242 242 184   0
  2 174 242 242 242 242 241 241 241 241 241 242 242 242 168   2
 63  31 169 184 184 184 184 183 183 183 183 184 184 168  26  71
211  67   2   0   0   0   0   0   0   0   0   0   0   3  71 214

211  66   3   0   0   0   0   0   0   0   0   0   0   2  66 211
 66  31 171 187 187 187 186 186 186 186 186 187 187 171  31  66
  3 172 242 242 242 242 242 241 241 241 242 242 242 242 171   3
  0 186 242 242 242 242 242 241 240 241 242 242 242 242 186   0
  0 186 242 242 242 204 104 240 240 239 233 242 242 242 187   0
  0 186 242 242 199  37 154 242 242  92  14 223 242 242 186   0
  0 186 242 241  67 154 241 243 243 124  58 230 241 241 186   0
  0 186 242 240  33 239 241 244 244 243 242 240 240 241 186   0
  0 186 242 241  33 239 241 243 244 243 242 240 241 241 186   0
  0 186 242 242  67 154 242 241 241 141  80 236 242 242 186   0
  0 187 242 242 201  37 154 241 240  74   3 220 242 242 187   0
  0 186 242 242 242 204 104 241 240 232 214 242 242 242 187   0
  0 186 242 242 242 242 242 241 240 241 242 242 242 242 186   0
  2 171 242 242 242 242 242 242 242 242 242 242 242 242 171   2
 66  31 171 187 187 187 186 186 186 186 186 187 187 172  31  66
211  66   2   0   0   0   0   0   0   0   0   0   0   2  66 211
211  66   3   0   0   0   0   0   0   0   0   0   0   2  66 211
 66  31 171 187 187 187 186 186 186 186 186 187 187 171  31  66
  3 172 242 242 242 242 242 241 241 241 242 242 242 242 171   3
  0 186 242 242 242 242 242 241 240 241 242 242 242 242 186   0
  0 186 242 242 242 204 104 240 240 239 233 242 242 242 187   0
  0 186 242 242 199  37 154 242 242  92  14 223 242 242 186   0
  0 186 242 241  67 154 241 243 243 124  58 230 241 241 186   0
  0 186 242 240  33 239 241 244 244 243 242 240 240 241 186   0
  0 186 242 241  33 239 241 243 244 243 242 240 241 241 186   0
  0 186 242 242  67 154 242 241 241 141  80 236 242 242 186   0
  0 187 242 242 201  37 154 241 240  74   3 220 242 242 187   0
  0 186 242 242 242 204 104 241 240 232 214 242 242 242 187   0
  0 186 242 242 242 242 242 241 240 241 242 242 242 242 186   0
  2 171 242 242 242 242 242 242 242 242 242 242 242 242 171   2
 66  31 171 187 187 187 186 186 186 186 186 187 187 172  31  66
211  66   2   0   0   0   0   0   0   0   0   0   0   2  66 211
211  66   3   0   0   0   0   0   0   0   0   0   0   2  66 211
 66  31 171 187 187 187 186 186 186 186 186 187 187 171  31  66
  3 172 242 242 242 242 242 241 241 241 242 242 242 242 171   3
  0 186 242 242 242 242 242 241 240 241 242 242 242 242 186   0
  0 186 242 242 242 204 104 240 240 239 233 242 242 242 187   0
  0 186 242 242 199  37 154 242 242  92  14 223 242 242 186   0
  0 186 242 241  67 154 241 243 243 124  58 230 241 241 186   0
  0 186 242 240  33 239 241 244 244 243 242 240 240 241 186   0
  0 186 242 241  33 239 241 243 244 243 242 240 241 241 186   0
  0 186 242 242  67 154 242 241 241 141  80 236 242 242 186   0
  0 187 242 242 201  37 154 241 240  74   3 220 242 242 187   0
  0 186 242 242 242 204 104 241 240 232 214 242 242 242 187   0
  0 186 242 242 242 242 242 241 240 241 242 242 242 242 186   0
  2 171 242 242 242 242 242 242 242 242 242 242 242 242 171   2
 66  31 171 187 187 187 186 186 186 186 186 187 187 172  31  66
211  66   2   0   0   0   0   0   0   0   0   0   0   2  66 211
